r(1,0,0,0)
w(6,1,0,0)
r(2,0,0,0)
w(16,1,0,0)
r(0,0,0,0)
w(18,1,0,0)
w(19,1,0,0)
w(15,1,0,0)
w(7,1,0,0)
w(14,1,0,0)
r(1,0,0,1)
r(9,0,0,1)
r(19,1,0,1)
w(11,1,0,1)
r(8,0,0,1)
w(17,1,0,1)
r(5,0,0,1)
w(10,1,0,1)
r(15,1,0,1)
r(12,0,0,1)
w(14,2,0,2)
r(5,0,0,2)
r(8,0,0,2)
w(3,1,0,2)
r(7,1,0,2)
r(12,0,0,2)
w(19,2,0,2)
w(11,2,0,2)
r(17,1,0,2)
r(16,1,0,2)
r(14,2,0,3)
r(6,1,0,3)
r(3,1,0,3)
r(7,1,0,3)
w(5,1,0,3)
r(11,2,0,3)
w(15,2,0,3)
r(2,0,0,3)
r(12,0,0,3)
r(1,0,0,3)
w(10,2,0,4)
w(1,1,0,4)
r(15,2,0,4)
w(13,1,0,4)
r(16,1,0,4)
r(8,0,0,4)
w(3,2,0,4)
w(11,3,0,4)
w(19,3,0,4)
w(6,2,0,4)
r(7,1,0,5)
w(0,1,0,5)
r(8,0,0,5)
w(17,2,0,5)
w(14,3,0,5)
w(15,3,0,5)
r(9,0,0,5)
w(2,1,0,5)
w(10,3,0,5)
r(11,3,0,5)
r(13,1,0,6)
w(14,4,0,6)
w(2,2,0,6)
r(16,1,0,6)
r(6,28,0,6)
r(18,22,0,6)
r(19,3,0,6)
w(1,2,0,6)
r(0,22,0,6)
w(17,3,0,6)
r(9,24,0,7)
w(5,2,0,7)
r(2,2,0,7)
w(4,1,0,7)
w(15,4,0,7)
w(6,3,0,7)
w(14,5,0,7)
r(7,23,0,7)
w(11,4,0,7)
w(8,1,0,7)
r(5,2,0,8)
w(19,4,0,8)
w(7,2,0,8)
r(3,2,0,8)
r(17,3,0,8)
w(15,5,0,8)
r(10,28,0,8)
r(1,2,0,8)
w(4,2,0,8)
w(6,4,0,8)
w(8,2,0,9)
r(15,28,0,9)
w(10,4,0,9)
r(12,27,0,9)
w(9,1,0,9)
r(2,18,0,9)
r(7,25,0,9)
r(3,2,0,9)
w(5,3,0,9)
w(16,2,0,9)
w(0,21,1,10)
w(2,16,1,10)
w(12,26,1,10)
r(8,0,1,10)
r(11,2,1,10)
w(6,27,1,10)
r(16,1,1,10)
w(13,22,1,10)
w(14,32,1,10)
w(17,24,1,10)
r(8,0,1,11)
w(15,26,1,11)
r(10,3,1,11)
w(17,25,1,11)
r(13,1,1,11)
w(1,24,1,11)
w(7,23,1,11)
w(9,23,1,11)
w(18,22,1,11)
w(4,29,1,11)
w(5,23,1,12)
w(15,27,1,12)
r(9,23,1,12)
w(8,24,1,12)
w(6,28,1,12)
w(17,26,1,12)
w(10,28,1,12)
w(1,25,1,12)
r(2,1,1,12)
r(19,3,1,12)
w(18,23,1,13)
w(12,27,1,13)
r(8,24,1,13)
r(7,23,1,13)
w(9,24,1,13)
r(4,29,1,13)
w(6,29,1,13)
w(0,22,1,13)
r(1,25,1,13)
w(19,25,1,13)
r(12,27,1,14)
r(11,4,1,14)
w(5,24,1,14)
w(9,25,1,14)
r(19,4,1,14)
r(0,22,1,14)
w(17,27,1,14)
r(3,2,1,14)
w(7,24,1,14)
r(16,1,1,14)
w(2,17,1,15)
r(1,2,1,15)
w(8,25,1,15)
r(6,4,1,15)
r(12,27,1,15)
r(13,1,1,15)
w(11,29,1,15)
r(19,4,1,15)
r(4,2,1,15)
r(10,28,1,15)
r(7,24,1,16)
w(13,23,1,16)
w(10,29,1,16)
w(8,26,1,16)
r(17,27,1,16)
r(12,27,1,16)
w(2,18,1,16)
w(15,28,1,16)
w(9,26,1,16)
w(14,33,1,16)
w(9,27,1,17)
w(19,26,1,17)
r(1,2,1,17)
w(17,28,1,17)
w(13,24,1,17)
r(6,4,1,17)
w(5,25,1,17)
w(7,25,1,17)
w(8,27,1,17)
w(11,30,1,17)
w(2,19,1,18)
w(5,26,1,18)
r(1,2,1,18)
r(19,26,1,18)
w(7,26,1,18)
r(12,27,1,18)
r(15,28,1,18)
r(6,4,1,18)
r(10,4,1,18)
w(14,34,1,18)
w(13,25,1,19)
r(4,2,1,19)
w(3,31,1,19)
r(8,2,1,19)
r(19,26,1,19)
r(15,28,1,19)
r(2,19,1,19)
r(7,26,1,19)
w(5,27,1,19)
w(9,28,1,19)
